01000011111100010110111001000101
10110010000110000111100010111011
11001010001110101001100011110100
00001001101011001011111010001101
00001111101010100011110010011001
11010101110010011000000100101111
10011011000111111100010100010010
01010110111100000011001101011001
10111100101011011110011000001000
00001010101110011110000110110011
01100000110110000010111011110110
10110100001000100101011011110011
11001110000001111001000110100111
00010111011101000001011110001011
10000010101110001101100011101101
01010000111110010011100101010011
00010111010000101101101110001110
01000010010110010010101111001111
11100001010001000111100001110111
11000111110101101110101000010000
11010111100100011010001101110000
01000110010111001010110000011111
11011100010000011001101000011111
01000001100011010010011111101011
00110101011111010000011010110001
00111010101100000111101101000110
01100111110100000101001001110011
10101110000011000001111011100110
00100100001010111110011100010111
00001100011001011001010100111111
00110101011000000011101001101111
11110110110001011001101000001100
01001100111001101000010100101111
01010010100010111111100111001000
00110101010100110100111000011011
10010001010101111011110011010000
11100010111000101011011101001000
10111010100101001011000000111011
01111010100110110100110100000011
11111010100100111100000010101001
00000100001111101110011010101101
10001101010001111000110110111000
01011110000100001101011011101100
01000100111011101110000110110100
11000011001000011111011001010101
11011001000010001110001101011011
10101101000011001001001110101110
11011100010110111011100000010100
11010101111000001000100110111100
10010000010111111100101011001001
01011101100001010111110000110010
10011100111101010000010101101100
11101000111010000111001010001101
10110011010001111110010101100000
10010111110100001011101000110001
10100010000111001011011100100111
00101000101110001101111010110001
10001010010110110100001100110111
11100011000101010001100100011111
10110001010111001000110110101100
11011110010011011000101101000010
10111001000000101010011111100011
01010000000111010111100111101100
01110101000000100011111010110110
00101011110010010100001011111010
10110001001111100101011100000110
01001101100000010111101100011101
00011000011110111101000110110010
01101110000101001100010111110100
11101010000110010000110100111101
00010011101100001001101001111110
00100100100011101110111011010010
10000101111101100011000111010001
01010110101111001100111000001010
00111010101000111000000111100111
11011101010010111101001001000100
00101001001010101111011100111000
01010110000010111100001011101110
00011000111010101111100000111001
00001101110101111100101001000110
01010000111000110111011000010111
00101011010111001011001000111010
10011011111000001100110110000101
10011110101011100000011111001000
01010110000011110110101011001100
01000001011100101100111110011010
10011011000100000101101111000111
01001100011101100001101000101111
01001011001000101011101111010010
01011100111100000011010101100110
11100101110100110111000100100010
01000101111000001001011111001101
11011100101011100101001000011100
01111101110110000100100000011101
00100100101011100010111111001001
10000101100110111101110000001110
10010010010011001010111010001111
11011100101001110011010000010101
01011100111000001011100110101100
00110010101001111000100100101111
00011111011011011000110001010100
01110010000001101110101011010011
00010010101110000001110111101101
11111001100010000100101111000101
00111110101011101011000100000110
00011100110110000010011101011101
10101011111101000011010001100100
10100001000111011000101111001110
10011101101100001100110101001010
01000100010010110110110011110101
10001110110111010001100011010010
10001110011000000011101001111110
01110110000011000101101100010111
10110101110011101101000110010000
00101101101010011100111100010001
00110010110101100000110111010101
00000001100110110110101111110001
10001111101101010001001100100110
10001101101101111000001001000111
01111110000101110010101100011000
10101000111010011101000000111011
11111010000100100110001100101110
11101101111000000110001101010100
10001100010111100001100111111000
00100100010011010001110111011110
10010110000011111100110010101010
01010100110111100011011011100000
10001100001111101010001010110101
10001011010001111110001000101110
00000101101101001110111010011100
11001101100010110001110101010010
01110111010010111010110000001001
11000110010100111001111100001010
01000011000101110101001011101110
00110101000001101110110110001011
11110100001101110100011010000101
00010010010011101011111010001011
00100011110100000101011011010111
11101110101001000000101101101100
11110011010001001011010010010101
01110010010000010001111001110111
10100101101111101100110000010100
10010011000000111001101011110101
01110011010000100101110111100001
10110001101000100111101100101100
10010000010111111010001101100011
00010010010001111111011010100011
10111011010101101000011100000011
10100101001011101100110010111000
11011001110000101011101000001011
00110001001001010010100111111110
10010001111101111100000101011000
11011011011100010001010001110010
10101000001000110001111101101011
11101011010000010100111011100100
00111000010100101011101111101000
10110000110000010101011011011101
11000010010100011110110011011010
10110011100000010001111110100110
10001011011100101011000110111000
00000110100011010011111001110101
11010111110010001110001010100100
00000011001001111001011111101010
10110000000110011101011101011100
10101010111100001001110001101100
10011110011111001110101000001000
00010111001101001101110110100001
11101000101111011001101000001100
00101011011111100000110001100101
01111011010111000000100100101110
11100110100011111001111000001000
11101100011101010011100010100001
10010101111100110100000100011011
00111000011001001111101010001110
10100100011101001011001100101110
10100000001110011101100010111110
00010011001111010111010110100100
00100001111011011011100011010001
10111100010011010000010101100111
11101000000110001000101111011110
10111101011100010010010000010111
11000110101000001111101010011100
10111100001010101010011100110001
01101110010011000101001010001111
00001010001110011001110011111010
01101010011100000001110001110111
11110001100100111011101001000010
00010010001101010001101111011110
10011101001011110100010100110100
00110110000010100101111111001001
11110000100110011010001110101100
00011101100111001101111010100000
10010110111100001000100011011101
01110100110001001011010100101110
00111111000100101010011001000111
10100010001010011100001011011111
01101111000010010010111011100100
10011100111110100001001000101110
11110100100000101100110110010101
11111100000111101001100001010001
01001011000100011011011111010001
11001111100000101001010111100100
01101111001111001010101000001001
01011101100111010010110111000000
10001111000101001101100111000101
01000010011110001101010001110111
01111110010011100001100000100111
00111111100100001010110010101001
00000011001101101010011011110101
00010111001011010100010001111110
10010100100001011100100010111111
00110101001001111101100000110101
11011000110010110001001010101110
11110110011000001110010010001101
00010101000111100001001111111001
01101000101111110011000100100101
01001011101010100111100000110011
00011101010010000001111010111011
10010101001111110000100110100011
10100001000011010011100101110111
10100001101110110010101111000001
11001110001011101010110100010100
11101001010111011101001101000000
10001001011100010001101000111111
00010011010111111001100000101101
00000011010010110110010110111011
01001101110010101010001110001110
01001110101111000010101001001110
00110010010100011111001010011110
10101110100001010111001111000001
01100101101101111101000100000011
11011001101011010010000010111100
10000000101100111010011101101011
10010111010000001110011011110100
00110101000001100011101001101111
11110001100001001100100111101010
01001100010110110111000001100111
11100100010001110100011100011011
11100101100100011111010001001100
11010100101000001100101111100110
11110010011011100111100100100000
00001001011011001010111100111010
00110000011001010100011111101101
11101110010010110011101000000110
11000010111101110101100001000110
11110110010100101100100001000111
00111011010010110000010111011001
01010111001110111000011101000010
01010110110010100110111100000011
00101111001100101011100110100100
10000000011011100110101100101111
00101111101010001001101100011100
01000001001001110101011011001111
11001011100011001010000111010101
10110001011101001110001000100111
00010100010001111101100011101101
00001100011001011110011101001101
00000101111011001101000111010110
00101011110010100011010100101011
00010010100110111111001011000101
01111101000010011010110010110001
00111101000000101011010110011101
11110110010011100011010001010001
00011111001100011101100101010010
00101110010011101110010010001011
10111011010100001000011111000110
00010110110100000111010110110011
11101111100001011001001011000100
11001001010010001101000110101111
10010011000011101110011110100010
00010110001100011111010110111000
01001011100100001101110111000101
00011011001010001011111001001110
10011001101010101100001100001111
00100000101101101110011010001111
01000111100100101111010111000100
10110011110100001000011011101010
11101000010011101000000111101011
00100101111101101100100011100010
00010110001101111111010000101010
11010100100010001110000111011011
10111001110100110100000001011011
01100011000010100101111101100011
01001101000110000101100111110011
11111100101010010111000100100100
01000001000110110101110001101111
11001010000001101100111110101001
01110100001101110101111000001001
11110101001100010010110001011001
01100010011100000101101111101100
01110011001010100101001011000111
11000101001000010001110101101111
00111001001001001010111100010111
00011111110011100001010001100101
00101100101011110001100111101000
01010111100001010100110011001011
10010000110010101011111010001101
10010001111101011100001000010111
11011001111110000001001110100100
00100011110100110100010110110101
11100001011001110000010100111011
01111001100000000011011110100111
10101101011111001010100000100011
10100000001101101111001101101010
01011011011010111100110100000010
10000010011100101111001110100110
11100010001101111101011001010000
00001010100111000111011110110100
01010010011100000011011111011001
11100110001111101010100001110000
01000000100111100001111110011101
01011000110100011100010011101011
10010010111100010101110100110001
00100100011011000100110111111010
00001101010010011011101011001101
11111010100011011001001110000010
11110100001100011110100101000101
10110001001110001001111101010100
10000101110000101110111010110010
00010100010011011011110111011000
01101011010101000010111100100011
10010011100010100000101101111110
00110111011000001010011110001011
11010111111001001100000010010101
11100001010001001010001111111001
11001010111111000000011001101010
11010101011100001100101110010001
00100111111000100001010011011110
00111011111000000101001001110110
01010111000100001001111000111101
10001010001111011011001110100001
01011000011101000110111100110010
11110000011010011101110110001000
10001100000101100101111101110100
01011101110111001100000100011010
11111110001110000101100010010001
11000101010100110111000110110010
11000110100011111000100001011011
01101110110111000001101000001101
10111110000110111001001100000101
00111001110010011111101000001010
11110100010100101110011010001100
10110001011111010001010000011011
01000011100100011111100011010101
00101000110010100010111110011101
11110010101011011001001100010001
01000000011011101001011100101111
10110000101011011000100111001110
10100011000011100111011000111010
00101101111001101100000011101010
10010100001011001111101110101000
00100010110001100001111010101111
01001111001001100001010101111100
01010101100100001111011000111100
01010000100111001111011000111010
00001001101110110010110101011100
00001110111011001001110100100101
11101010000011101110011011000001
11001111010101100101000011000110
11010100010010001110110100101011
01110000010101101011110100110010
11011001000111110010000100111010
00100100001011100111000111011110
10111111011001001011000010010100
01100100010100100111111100111000
10101010111001000011110001001110
00001001110001011111011011000101
10001100010111010011111001001010
01110000111011010100011011001010
10001010110110110010110100010011
11000101100001000111101110001101
00010010100101010100011100111111
11010100101110111000010111000001
01001100000111011110101101011000
01110001110101110100001000100111
00111010100111110011101001100000
10100011011011110110000010101100
00101010110111110010110000101001
11000110111000000101000111101101
11000011101010101111100100100001
00000111110111001010110110001001
10001101100000101111100111000101
00110110011110110111010010100000
00101110011000000111101011011100
01001111100110101110110000101000
10001011001000111010111110010100
00110101001011101001111100010010
00010011010001010100101111111001
10000101000110011100001011011111
10011011111000011010000011101100
01011000011000011111011100110001
11010100000100011100011110101101
01001111110011100001100010100110
00011101110011110101100100100001
10110100111000011110111000100010
11110010001101000001010101110110
01110010010000010111110100100111
01110111001001000100101110001110
10010011000010111011101110100100
10111010000001100111001001111100
10000101011011110100011111000100
11111001001101000100010111100100
01000011110111100100111001000101
10010001010001010010111111000111
01111101010011010111001010000001
10111111010110001001001000010011
00111001001001000111000111111010
11010111001100110101101000001001
00001111101011001001100111000101
11001111001001011010100001101100
01110100110001101010000011101101
11110101001010110100001001100011
00010010110100011011111001110010
10101101110010000110010011110001
11101010001000110010010111100011
01100011010001000100111110101101
10010001010110111111001011001000
00010101000111001001001011111101
11110011101001101010000010010011
10111011001100000100101110011010
11000001000101011110110101001110
10101011001110010000110001111010
10111011101000110010110110010000
00101010111000111000110100100111
10111010000001110010110001101110
01011111111010001100001001100010
11010101111000110100011001110000
11001010000011111010110010011001
10111010110111000000101110010010
10001010111011110110100011000001
01101010010011010001100011111100
01100001000001111010111000110111
01011011101100111101000001100010
10101011001100011101001110000101
10101011000010110011000110011110
00111010000001101101111001110100
11010111010001000100111000101101
10110000011101111001001110000101
11110110001001111100010100010100
11100000011100110101010001101101
11101010100111101100011100000010
11001111011000110110010110100000
00011101110101001000010011100111
10011000010010101011111100111000
11110011001110010110010101010000
01110010111010110001010010110001
11110001000101001001101101010011
01001101111101010100001100100110
11101010000010110001110010011011
10101110001111100000011110011000
01001000001101011111100111010001
11011010110011010000000111101001
00011000010100111111011000010111
00111001101000001010111101101100
01111010001011001010111011000100
01110001000010101110001111100110
11110101100100010011010010001110
11111001101000011100010010001011
11111100100110100110101011000000
11101000101111011001000000111010
01110001001111110001100001010110
00000011101101111001010110001011
00101101010011010001100011101110
10111011001000010001110101111000
10100011111011010000100101000111
01101100101011110111010000010010
11001001011011001010101011110000
00111010011011111011000101000001
00011010110011011100000111010101
00010101101100011101111000110100
11101010001111100110101101000000
00011011100111110000011011010001
01101011111001010011101100000010
10001111111001100011001010100100
00110010111000111011010110101000
00110001010100100001011011011111
00011010110011111001000100010111
00111110010011110110010000010101
01001110110101010111001011000010
00000111000110101100100110111011
00011010111100101011001110011000
10000100101110000100111001111101
01110111001101000100110110100001
10001000110111011110000101111000
10000111100011000111111010101000
01000011110001000111101001010111
11000101011100101100010110001101
11001000110000101010111101010110
10100010110011011001010011110100
01110001011111000001000110100111
11101011110100010010000100011011
11101101001010110001100000101110
01011001101101111100000011100010
00011111010011001000011011010101
00000110111100110101011001011100
01001111000111001110011001000101
00101110001000110001110101111010
11011100100010010100111100011010
00000001001111100110110101011101
11111000110010101110011001000001
01110110001000000110101111110001
00111000000111111001110101000101
01011110110001000001010110111100
00100001101111000101110110001101
00000011111011101001101000011110
00010100010011010111001011011011
10011001110001010000111100110101
01101000111000101111101001001100
11110111110000101001100001001010
11000000010001111001010111011110
00010010001111001001111110101010
10111000011100110010100010101101
00101110001001010111110100010011
10010011110011110101100001000101
10011011101111000111000110100000
11011111010100100100001100100110
10111000001010001110101101110100
00000011110100010101100111101101
01110101101111001001000010001101
11010100010100001011110101100011
01011011000001001100011111100110
11001110010001010110100000101111
01011000100111000111011100001101
01011101001001011101001100110010
11000100010001110101100011110110
00011101010011000111110110100001
11100111111000001010001010011100
10010101000111010001001011111100
01101101011100111110000001010100
11111110110010001010010010010010
11100101100000001011011011011100
00110010000011101011101001111001
00111000110111011110100010100100
00011111010001001100101101011001
11011001010000000111101011100011
01000110010111110011010000101011
01000111001000011110110110001011
00110101111010111000001011100010
11100100010000011101110111010010
01101101100011010011000010101110
01111110110010000001111000010101
11000101000011000110111101011001
10001001110000101000111101011101
10101011111000111011000101001000
10001001010110111101000011001110
11001001100111001010000010101111
01000010100101010100111111001110
01100101000111110010010011101100
10100111101111000110011101000000
10100011001110100000011010011111
11000000101110001001010111011110
00000101111101101100100111001010
10001111011100110010100100101010
00001100000101111011100101011011
10100000110011011110100110111000
10001110000110001000110111101011
11111001011100100110000000100111
00010100110100011010110111011100
10110110001100000111001001011101
10010001000011100011010101111101
10011101111110000101110001000001
11101000100010010011111110000101
11001000111110100100011110010010
00011011100000100111011101001011
00010001101110110001111011010010
00101101111011100001000110000111
01010110011100001011101100110100
00101000110001010010011101101111
01001010001110110110011101110000
10100110101010010011001100001111
10101101110001000110011100001110
11000100101001101100000101011111
00011110001101110111010100000110
11101100100000100100011110100111
00100111110101110111001010000010
11000101100100011011011100001011
01110111100001110100010011010010
11010100100011011011110100101000
00110001011100000111010110011110
00101000001101011110101110111000
00011110101111010100010010001110
10011111101011000010011110000010
10101101000000110010101110111001
01110001111101100010010000111010
10111000110011000111010001011010
00010111001010111110011100100100
10110011100110100100000111110010
10011010001111110000110001011001
00011011011110110001101110000100
01100000110101000001011111110110
11100011010101111011000101100000
01111011010000100001011100101110
00100001111000110101110110110001
00010111100011010010101110110001
10110000000111001110101010111001
01011101110010001011011011100000
00100011100110110010010111110100
00010001010101101100111100011110
10011101101000101011000010111100
10111101001110100001100011001010
00011011111000110010011101000101
00101000011001011111001011101100
10000101111011110100100100100011
00100110101011110001111000110001
01100100110001000100111110110101
00011011011100011101010010110001
10000011111011111001010010001010
00001010110111011001110010110100
10110000010111000001100101111011
10010000100111110100011100011011
00011010100100101111111000110001
10111001000011011000010111001110
00110101000111100000011001110111
00100011011101001000010111010111
01100100110100000001011011110111
10101100100100000101110010011111
10111101101110000001001011101000
01001010100011000111110100101110
00111111000010011010110010010101
11101000110110110000110010101001
01101010101111011011001000110000
00100010110100101110001011101101
11111101100001010011001010010100
00100110111110000001001101011011
10010100000100110010010111110111
01010010110100111100010010111010
11110110110001010101001100001001
10010011011111100010101100001010
00010110010111011111100001001100
00001111110001010110011010101100
10100010010100100011111011001110
00011100101011101001000100011111
11100100010001110100011100011011
00101110010000010111110100011101
10101001100010110100100000111111
11000010000110101011101100010111
11010010111101100001001110101000
11010110110011011000000010100111
11000101001101010001011100101011
11011000010000010101100111111100
10111010111000111110100101000000
01101111010010001000101101010011
00010010110101110100011110001101
11100000001010010101011100111011
11010110000001011110110001110100
10111001010000001101101011010011
10110111001000010111010000101110
01001011001100010110010011110101
11100100010011101010001010111100
00101110010100111000101110100011
10100100110100110101010011011100
01001011111011000101000001110110
10110110110101010011110100010000
11001010111101010110001101100000
10101100101110110000110101101000
10100110011100101100000011101011
11010010111011100101001110010000
01001000100010111011110100101011
10110011101010010001100000101111
10000011101011011100010011101010
00010111101100101110011101000010
11110001001100010100101010111001
01110110000001110010110001011101
10100010001000110011111011100101
01111101011110000100010000011011
00110110000111111011101001001000
10111100111001100000100010101101
10011110110111000111101000000100
10011111001011101011000100001001
10101101100010010111000011001101
01000110011100001111011110010010
01001011000100010101011011110011
10101100111001000110000010111110
00011000011101001011110111010001
11000001110110001000110101110101
01011111011000110110101011000000
10101000111001100010111100110100
11110010110001111001000101010100
11100111001001000101001111000101
11110001010001001011110010010101
00111001101111010000110110100010
00111010001000100111100010011111
01011000110011111110100001100010
10000001101000111100010101111110
11011110111000100001010010110001
00100010001110100001111011111001
10000100101101111011100001110100
00110111001011000101001001110101
11100001111101011000100000110110
00010111001100001101101110010101
01000011010101001011100111110100
11010010101001100010001011110011
11010101001001000011011000101111
10000001001010111001111101010011
00111110101110011000111000000101
11010000101110011011001100100101
11010100111101101000000100111010
00010011001001011001110111110001
01111101001000010110011000001111
01000101011100110110101100000111
01010000010001111101111000110110
10000010011100100110111101010011
10110001110101110111001000010100
00101011001111110010011001011000
01110100110100011110100001001101
01010110000011001011110110001110
11010101110010110111100101000000
10110100000011001110111001010110
11101101111000100001110100100001
11100111100001000111000101000111
01001111000110001101010110010011
01011000001110001111011110011000
00110111001011110010010001011001
10110100000001011100111010011101
00000010011011011100101110101011
11011101011001010100101111000000
00101101111110010010101000010011
11010101011110100000110001101100
01001000100011111101100101010011
01111110010011011001000011000101
11110100010011001101101001100010
01101010101000000011011011111100
11111000000110011000101000111110
00000110110010100110001110101111
10100010110010000111110011011010
00111001000101011011110111100000
11100110010011110001010001010011
01110101110000010110010000101111
00100100010101110011011100101101
01111111100100100101000111000001
01111010010100011110001111001000
01000111000010101101111011001001
11001011110110010000010011011010
00110101000011001010100101101111
00101010100000111111000110011011
11111100001010110101011001000010
10100100111011000110011111010000
01001010000110011111000100111011
11000001111111100001100101011000
11100100010000101000110111100111
11001011110101010000100100100111
01110101011001001111100001000011
00001010111011000110111000011110
11101110100010000100101100101101
00011001010010011011111111100000
00000101010101100011101111010011
00000011011100101001101011101011
00001001100011101100010110111101
01010001100111110010001100101101
10101011011100110000101110000110
10111101101010001100011010110000
11001010011011111000010001110100
00101000010011100011111101011001
10101111010010111001000100100011
01110111110100100100001011101000
11001111010000100101100111010100
00110110000101111110011101010000
10010001010110001111111000011100
10010011001110011111101010100000
10000101001111011011001101010001
01101010000000111101111011100010
11011101010000010100101110001101
11101110001010010000110110101100
00111110000100001001110101011011
01100011001001001111100010101110
00100111101101110101010010000011
11001111010010101001110010100010
01011100111100001100101010011001
10101011001010011110110000000111
01011000110010011011101111100000
11110110101000110101110010010000
01011100011001001101000001111011
10011111011011000101110001010000
11010100100011101110011100100100
01010100101000011101001101110011
00101111001000110110001010101101
01111111001110001000010100011001
01111110011100011000111010000001
01001110100011010010111011100010
01011101000111111100001000011001
00000110101110000111101100111010
00010111011111010111001000100100
00101010110111100011100100001011
00111111100110101011000100101000
00111000101011100000011101101110
10100000100100111001001111111010
01110111000001110001011011001010
01111000110011001110000110101010
11100010101000010011011111100010
01000001111011010100111011100010
00011001111110110001101000110100
11000100010111010000111010010111
01110000110100111000101011011001
11010111110110000001000100011110
01011110111001100000000111000111
01010100111101110011100000010110
11101010110100110001101110010000
11000000011101110111100001011001
10000011000111111011101000100110
01011101000011011001001011001101
00101010010010010011111101110010
00111101001101111000101000100101
11110100101110010101010001000011
00010100000101110001101111100111
01011010001111000010001011101110
10001000010111001001111111010010
10001111010000110001010111011001
11001000010100101101111110000110
00110101000010010111101110111000
11000011101010100000111110011001
00011001110100001110010111011100
11101010110110100100110010000011
11010110111100100110111000010000
10100000110001111100111010100110
11000110000110101011000010111011
11001101110100011101000110100100
00011001100101000111111100001101
10110000010110001100011011011101
10100110010001001101001011001111
10101111000100100110001111100010
01110010001001111010001110101100
01111010010101110001110000110001
11001101100001111001000001010111
10010001101111111001010011100000
11100000010111010111011000110100
00000111101101010110001011101100
10110010011000001010001110111101
01001010111111100001110000100110
00111011111000101010011100000110
10001000001011011110110110111000
00111000010010100010011001111111
11100110101000110001111100100001
01110111001101000111000101001010
01101010100100001111110010101100
00110111100100001011100011011010
01001011101111100100010001001110
01011010011101001110001000110011
00010010101101111110100010110010
00001001001101011110010001111101
11110110001110100100010010110100
00000100110001110110110110101110
00011101000010010110111110110001
00011001000101101111110100001101
00101101011100011110111001000010
11111011010110000001001101100001
00000111100101011100001001110111
01100010111100010011001001011110
11010101111110001100001010001001
10100100111000110001010100111011
00010000100111100111010111010011
01111101000110110010111001001000
00111101000000100101011110010111
10111110001101010001101100000110
01111111010001100001110000100101
01011001000010101100111110010011
00001110101101100011011100101010
11100000110010011000010110111011
01101111001011010011101001000100
01010110010000101111010000111011
00010000111010010111110001110101
11001101010100010010100100011111
01101100001000100010110101011111
01010001110001001011110110000111
01100111000001110010101011010011
00011110110011000101010110000111
01001110100000100100101101110111
01011100100101010011000011111001
11101110010010110000110010011010
11010100100111110101001100011000
00100010101001101000011111111100
00110111111010100000100101001011
01010110110100010000001101111011
00010011101000011011111010001011
11000101011111010001110100101000
01100011111100110010101010000101
01000111000110101101110000011101
10110101110100011110110000001001
11010001010011010100110100101110
01101111010001001101001001011100
01000010110101001000011111101110
10001101110111100001110001010001
10011111101101000011101000010001
11010111000110011011000000110101
10001010000111001011111100101001
10110101111010100011000000111001
00101011111001110011000010101001
11010110110010001111100000101010
11101100011000000101110110110100
00011011110000011011011100010101
01001000101110001011011110111000
01010101111100000110001111001001
10000010110110001101101110110010
10001000000111101111011000111010
10111011001011010000101001100011
01001101000100101110011101000111
11010100010010001110110101110001
11000110010010101111110010100010
00001101001110101000100111101101
10000101001011101101000111001101
00001000011111001010111011101001
11101000011110000100010011011011
01001101111001001000000111010111
11001010111101101001110010100000
01111100001010101101000001110110
01100111010111100001001101110000
10000100101011110011011001000111
10111101000100010001111000101011
10000100101100101011100001111110
11011010001111100011000100101010
11100101111010010000000111001110
01101010110011110000010111001001
10110100110111001001110110100000
00110101011011111011000110000010
10111001111000001000001111010101
10010111010110110111001101000000
01000001110101111110100001001101
10110111001001100000011111001010
10111101101010001011000001100011
01100111010010001111010011000101
00111110010011110010011010101000
10101001000010101100100111111100
10101101110011101001011100000100
11011010000000101001111011001101
10001111010101001011100100111000
10001101110100010111110101001000
01111101100111000101000011100100
11110110001110100100110100011000
00111101010101000001101001110011
01101100101010110011000010110101
01000101101101110011010001110010
11110110101000111000010010111000
11101110000011011100101010010010
01010000010100111001111101100011
10111100110110000111001010001010
01011101000011001110100100100111
00101101100101010011000001110111
01001110100011100001101111010100
01110111101001010011110000100010
10111011010100001100100111100001
01101000001010100010110011011111
10010101110000001111001101010110
01101111001101010111000110000001
10100111001001101111001010001100
01110101100011110010000100111001
10111000111101100111010000000110
00101100101100001101110110101001
10101010000000111111110010010110
10011100000001011111101000110110
10100011101101000111011100000110
01000010101000110011101011011011
01011000001011101100010011110110
00100100011100011111011010100011
00011011000001101011101000111101
00111000101100110101111000101010
01010110100011101111110000100100
00010101110010000111100111110001
10101100101111101110001000010100
00100010011110111110001010000111
01000110111101001100100001111010
11100011001010101101101000010011
10100011011011101110000011000101
01011111000111010100100010010011
01101101100011000101010000011111
10110100001110110110111000001010
01000111000101110001001011100111
01101000010101001111100000111011
00010000110011010110110111100101
11111001001010101000110000101101
00110010000101010111110001011011
11110010110001100100100011010101
11101001001011111000110001000101
01000101110011100111000001101101
10100011100000010111111011000101
01100010110111110010100100001101
10111000111000100010010111101100
01111111001001101011000010000110
10100011110001010100100011101101
01011000000010110111011010110011
10101100111101101010100100001100
10001111110011101010001001001001
10001011100101010000110011101101
01001100100011111011011010001010
00101111100101111011100100000001
01111101001001001011000100101011
01100111111000000100110010101101
11000110100100000101001111111010
00000100011110011010110111001101
11101100000011010010011001011110
01010110011001011111001100000011
00001010110100110110010101110011
10110010001110011110011100000101
11011001010000010001111110100011
00001111001101100011011010101010
11110100010001101010110100100011
00101011001011101000111001110100
01111100111001001000010001110101
10000101000111011100100011010111
11100110101101010001000000111101
01001110111101101000001000111010
00110000110100101010100111011101
