01000011111100010110111001000101
10110010000110000111100010111011
11001010001110101001100011110100
00001001101011001011111010001101
00001111101010100011110010011001
11010101110010011000000100101111
10011011000111111100010100010010
01010110111100000011001101011001
10111100101011011110011000001000
00001010101110011110000110110011
01100000110110000010111011110110
10110100001000100101011011110011
11001110000001111001000110100111
00010111011101000001011110001011
10000010101110001101100011101101
01010000111110010011100101010011
00010111010000101101101110001110
01000010010110010010101111001111
11100001010001000111100001110111
11000111110101101110101000010000
11010111100100011010001101110000
01000110010111001010110000011111
11011100010000011001101000011111
01000001100011010010011111101011
00110101011111010000011010110001
00111010101100000111101101000110
01100111110100000101001001110011
10101110000011000001111011100110
00100100001010111110011100010111
00001100011001011001010100111111
00110101011000000011101001101111
11110110110001011001101000001100
01001100111001101000010100101111
01010010100010111111100111001000
00110101010100110100111000011011
10010001010101111011110011010000
11100010111000101011011101001000
10111010100101001011000000111011
01111010100110110100110100000011
11111010100100111100000010101001
00000100001111101110011010101101
10001101010001111000110110111000
01011110000100001101011011101100
01000100111011101110000110110100
11000011001000011111011001010101
11011001000010001110001101011011
10101101000011001001001110101110
11011100010110111011100000010100
11010101111000001000100110111100
10010000010111111100101011001001
01011101100001010111110000110010
10011100111101010000010101101100
11101000111010000111001010001101
10110011010001111110010101100000
10010111110100001011101000110001
10100010000111001011011100100111
00101000101110001101111010110001
10001010010110110100001100110111
11100011000101010001100100011111
10110001010111001000110110101100
11011110010011011000101101000010
10111001000000101010011111100011
01010000000111010111100111101100
01110101000000100011111010110110
00101011110010010100001011111010
10110001001111100101011100000110
01001101100000010111101100011101
00011000011110111101000110110010
01101110000101001100010111110100
11101010000110010000110100111101
00010011101100001001101001111110
00100100100011101110111011010010
10000101111101100011000111010001
01010110101111001100111000001010
00111010101000111000000111100111
11011101010010111101001001000100
00101001001010101111011100111000
01010110000010111100001011101110
00011000111010101111100000111001
00001101110101111100101001000110
01010000111000110111011000010111
00101011010111001011001000111010
10011011111000001100110110000101
10011110101011100000011111001000
01010110000011110110101011001100
01000001011100101100111110011010
10011011000100000101101111000111
01001100011101100001101000101111
01001011001000101011101111010010
01011100111100000011010101100110
11100101110100110111000100100010
01000101111000001001011111001101
11011100101011100101001000011100
01111101110110000100100000011101
00100100101011100010111111001001
10000101100110111101110000001110
10010010010011001010111010001111
11011100101001110011010000010101
01011100111000001011100110101100
00110010101001111000100100101111
00011111011011011000110001010100
01110010000001101110101011010011
00010010101110000001110111101101
11111001100010000100101111000101
00111110101011101011000100000110
00011100110110000010011101011101
10101011111101000011010001100100
10100001000111011000101111001110
10011101101100001100110101001010
01000100010010110110110011110101
10001110110111010001100011010010
10001110011000000011101001111110
01110110000011000101101100010111
10110101110011101101000110010000
00101101101010011100111100010001
00110010110101100000110111010101
00000001100110110110101111110001
10001111101101010001001100100110
10001101101101111000001001000111
01111110000101110010101100011000
10101000111010011101000000111011
11111010000100100110001100101110
11101101111000000110001101010100
10001100010111100001100111111000
00100100010011010001110111011110
10010110000011111100110010101010
01010100110111100011011011100000
10001100001111101010001010110101
10001011010001111110001000101110
00000101101101001110111010011100
11001101100010110001110101010010
01110111010010111010110000001001
11000110010100111001111100001010
01000011000101110101001011101110
00110101000001101110110110001011
11110100001101110100011010000101
00010010010011101011111010001011
00100011110100000101011011010111
11101110101001000000101101101100
11110011010001001011010010010101
01110010010000010001111001110111
10100101101111101100110000010100
10010011000000111001101011110101
01110011010000100101110111100001
10110001101000100111101100101100
10010000010111111010001101100011
00010010010001111111011010100011
10111011010101101000011100000011
10100101001011101100110010111000
11011001110000101011101000001011
00110001001001010010100111111110
10010001111101111100000101011000
11011011011100010001010001110010
10101000001000110001111101101011
11101011010000010100111011100100
00111000010100101011101111101000
10110000110000010101011011011101
11000010010100011110110011011010
10110011100000010001111110100110
10001011011100101011000110111000
00000110100011010011111001110101
11010111110010001110001010100100
00000011001001111001011111101010
10110000000110011101011101011100
10101010111100001001110001101100
10011110011111001110101000001000
00010111001101001101110110100001
11101000101111011001101000001100
00101011011111100000110001100101
01111011010111000000100100101110
11100110100011111001111000001000
11101100011101010011100010100001
10010101111100110100000100011011
00111000011001001111101010001110
10100100011101001011001100101110
10100000001110011101100010111110
00010011001111010111010110100100
00100001111011011011100011010001
10111100010011010000010101100111
11101000000110001000101111011110
10111101011100010010010000010111
11000110101000001111101010011100
10111100001010101010011100110001
01101110010011000101001010001111
00001010001110011001110011111010
01101010011100000001110001110111
11110001100100111011101001000010
00010010001101010001101111011110
10011101001011110100010100110100
00110110000010100101111111001001
11110000100110011010001110101100
00011101100111001101111010100000
10010110111100001000100011011101
01110100110001001011010100101110
00111111000100101010011001000111
10100010001010011100001011011111
01101111000010010010111011100100
10011100111110100001001000101110
11110100100000101100110110010101
11111100000111101001100001010001